-1
0
-1
-1
1
-1
-1
-1
-1
-1
-1
-1
-1
-1
-1
-1
-1
2
-1
-1
-1
-1
-1
-1
-1
-1
-1
-1
-1
-1
-1
-1
-1
3
4
-1
-1
-1
-1
-1
-1
5
-1
-1
-1
-1
-1
7
-1
-1
-1
8
-1
-1
-1
-1
9
-1
10
11
-1
-1
-1
-1
-1
-1
-1
-1
12
13
14
-1
15
-1
-1
-1
-1
-1
-1
-1
-1
-1
-1
16
-1
-1
17
-1
-1
18
-1
-1
-1
-1
19
-1
20
-1
-1
-1
-1
-1
-1
-1
-1
-1
-1
21
-1
-1
-1
-1
-1
-1
-1
-1
-1
-1
-1
-1
22
-1
-1
-1
-1
23
24
-1
-1
25
-1
-1
-1
26
-1
-1
-1
28
-1
29
-1
-1
-1
-1
30
-1
-1
-1
-1
-1
-1
-1
-1
31
-1
32
-1
-1
-1
-1
-1
-1
-1
-1
-1
33
34
-1
-1
-1
-1
-1
-1
-1
-1
-1
-1
-1
-1
-1
-1
-1
-1
-1
-1
-1
-1
-1
37
-1
-1
-1
-1
-1
-1
-1
-1
38
-1
-1
-1
-1
-1
-1
-1
-1
39
40
41
-1
-1
-1
-1
-1
42
-1
43
44
-1
45
-1
-1
-1
-1
46
-1
47
48
-1
-1
-1
-1
49
50
52
-1
-1
-1
53
-1
-1
-1
54
-1
-1
-1
-1
-1
-1
55
-1
-1
-1
-1
-1
-1
-1
-1
-1
57
-1
58
-1
-1
-1
-1
-1
-1
-1
-1
59
-1
-1
60
-1
-1
-1
-1
-1
61
62
63
-1
-1
-1
-1
64
65
66
-1
-1
-1
-1
-1
-1
67
-1
-1
-1
-1
68
-1
-1
69
70
71
-1
-1
-1
-1
-1
-1
-1
-1
-1
72
-1
-1
-1
-1
-1
-1
-1
-1
-1
-1
73
-1
-1
-1
-1
-1
-1
74
-1
-1
75
76
-1
-1
-1
78
-1
-1
-1
80
-1
-1
-1
81
83
-1
-1
84
-1
-1
86
87
-1
-1
-1
-1
-1
-1
-1
-1
-1
-1
88
-1
-1
-1
89
-1
-1
-1
-1
90
91
-1
-1
-1
-1
92
-1
93
-1
-1
-1
94
-1
-1
96
-1
97
-1
98
-1
-1
-1
-1
-1
-1
99
-1
-1
-1
-1
-1
-1
-1
-1
100
-1
-1
-1
-1
-1
-1
101
-1
-1
-1
-1
-1
-1
-1
-1
102
-1
-1
-1
104
-1
105
-1
-1
106
-1
-1
-1
-1
107
-1
-1
-1
-1
108
-1
-1
-1
-1
110
111
-1
-1
-1
-1
-1
112
-1
-1
-1
-1
-1
-1
-1
113
114
-1
-1
-1
-1
-1
-1
-1
-1
115
-1
-1
116
-1
-1
-1
-1
-1
117
-1
-1
118
-1
-1
-1
-1
119
-1
-1
-1
120
-1
121
-1
122
-1
123
-1
-1
-1
-1
124
-1
-1
-1
-1
-1
-1
125
-1
127
-1
-1
128
-1
-1
-1
-1
129
-1
-1
-1
-1
-1
130
131
-1
132
-1
133
134
135
137
138
-1
-1
-1
-1
139
-1
140
-1
-1
-1
-1
141
-1
-1
142
-1
-1
-1
-1
143
-1
-1
-1
-1
-1
144
-1
-1
-1
-1
-1
-1
-1
-1
-1
145
-1
-1
146
147
-1
-1
-1
-1
148
-1
-1
149
-1
-1
-1
-1
-1
-1
-1
150
-1
-1
-1
-1
-1
-1
-1
-1
-1
-1
151
-1
-1
-1
152
153
-1
-1
-1
-1
-1
-1
154
-1
-1
-1
-1
-1
-1
155
-1
156
158
-1
-1
159
-1
-1
-1
-1
-1
160
-1
-1
-1
-1
161
162
-1
-1
-1
164
-1
165
-1
-1
-1
-1
166
-1
167
-1
168
169
-1
-1
171
172
-1
173
-1
174
-1
-1
175
-1
-1
-1
176
-1
-1
-1
177
-1
-1
178
-1
-1
179
-1
-1
-1
-1
-1
180
-1
-1
-1
181
-1
-1
182
-1
183
-1
-1
-1
185
-1
186
-1
-1
-1
-1
187
188
190
-1
-1
191
-1
-1
-1
-1
-1
-1
-1
-1
192
-1
-1
-1
-1
-1
-1
-1
-1
-1
-1
-1
-1
-1
-1
-1
-1
193
-1
-1
-1
-1
194
-1
-1
195
196
-1
197
-1
-1
-1
-1
-1
-1
-1
-1
-1
-1
-1
-1
-1
-1
-1
-1
-1
-1
-1
199
200
201
-1
-1
-1
-1
-1
202
-1
-1
-1
-1
-1
-1
203
204
-1
205
-1
-1
206
-1
-1
-1
-1
-1
207
-1
-1
-1
-1
-1
-1
-1
208
-1
-1
209
-1
-1
-1
-1
-1
-1
-1
-1
-1
-1
-1
210
-1
211
-1
212
-1
-1
213
214
-1
-1
-1
-1
-1
-1
215
-1
-1
216
-1
-1
217
-1
-1
-1
-1
-1
-1
-1
-1
-1
-1
219
-1
-1
-1
-1
-1
-1
-1
-1
220
221
222
-1
223
224
-1
-1
-1
-1
-1
-1
225
-1
-1
-1
-1
-1
-1
-1
-1
-1
-1
-1
-1
227
228
-1
229
-1
-1
230
231
-1
232
-1
-1
234
-1
-1
-1
235
-1
-1
236
-1
-1
-1
-1
-1
-1
-1
-1
-1
239
-1
-1
-1
-1
-1
-1
-1
-1
-1
-1
240
242
243
244
-1
-1
245
-1
-1
246
-1
-1
-1
-1
247
-1
-1
-1
-1
-1
-1
-1
-1
-1
-1
248
-1
-1
-1
-1
249
-1
-1
-1
250
-1
-1
-1
-1
251
-1
-1
-1
-1
-1
-1
-1
-1
-1
-1
-1
-1
-1
-1
-1
-1
-1
-1
-1
-1
-1
-1
-1
-1
-1
-1
252
253
-1
-1
-1
-1
-1
-1
-1
-1
-1
254
-1
-1
-1
-1
-1
-1
-1
-1
-1
-1
-1
-1
-1
-1
-1
255
-1
-1
-1
-1
-1
-1
-1
-1
256
-1
258
-1
259
-1
260
-1
-1
-1
-1
-1
261
-1
-1
-1
-1
-1
-1
-1
-1
-1
262
263
-1
-1
-1
-1
-1
-1
-1
-1
-1
-1
-1
-1
-1
-1
-1
-1
-1
-1
-1
-1
-1
-1
-1
-1
-1
-1
264
-1
-1
-1
-1
-1
266
267
-1
268
-1
-1
-1
269
-1
-1
-1
-1
-1
-1
270
-1
-1
-1
-1
-1
271
-1
-1
-1
-1
-1
-1
-1
-1
-1
-1
272
-1
-1
273
274
275
-1
-1
-1
-1
-1
-1
-1
-1
-1
276
-1
-1
277
-1
-1
-1
278
-1
279
-1
280
281
282
283
284
-1
-1
-1
285
-1
287
-1
-1
288
-1
-1
-1
-1
-1
-1
-1
-1
-1
-1
-1
-1
-1
-1
-1
-1
-1
289
290
-1
-1
-1
-1
291
-1
-1
292
293
-1
-1
294
-1
295
296
-1
297
-1
-1
-1
298
-1
299
-1
300
-1
-1
301
-1
-1
-1
-1
-1
302
304
-1
-1
-1
-1
305
-1
-1
-1
306
-1
-1
-1
-1
-1
307
-1
-1
-1
-1
-1
-1
-1
308
-1
-1
-1
-1
309
310
-1
-1
-1
-1
311
-1
312
-1
-1
-1
-1
313
-1
-1
314
-1
-1
-1
315
-1
-1
-1
-1
-1
-1
-1
-1
-1
-1
-1
-1
-1
-1
316
-1
-1
-1
-1
-1
-1
317
-1
-1
-1
-1
-1
-1
-1
-1
-1
-1
-1
-1
-1
-1
-1
-1
-1
-1
-1
-1
-1
319
-1
-1
320
321
-1
322
323
324
-1
-1
-1
-1
-1
-1
-1
325
-1
-1
-1
-1
-1
327
-1
-1
-1
-1
-1
-1
-1
328
-1
-1
-1
329
-1
-1
-1
-1
-1
330
-1
-1
-1
-1
-1
331
332
-1
-1
333
-1
-1
-1
-1
-1
-1
-1
-1
-1
-1
-1
334
335
-1
-1
337
-1
339
340
341
-1
-1
-1
-1
342
343
-1
-1
-1
345
-1
346
-1
-1
-1
-1
-1
347
-1
348
-1
-1
-1
349
350
352
353
-1
-1
-1
-1
-1
-1
-1
-1
354
355
-1
356
357
-1
-1
-1
-1
-1
358
-1
-1
-1
-1
-1
359
361
-1
-1
-1
362
-1
-1
-1
-1
-1
-1
-1
-1
363
-1
-1
-1
-1
-1
-1
-1
-1
-1
364
-1
-1
365
366
-1
-1
-1
-1
-1
-1
-1
-1
-1
-1
-1
-1
367
-1
368
-1
-1
369
-1
370
-1
-1
-1
-1
-1
371
372
-1
-1
-1
-1
-1
-1
373
-1
-1
-1
374
-1
-1
-1
375
-1
-1
376
-1
-1
377
-1
-1
-1
379
-1
-1
-1
-1
380
-1
382
-1
-1
-1
-1
-1
-1
-1
-1
-1
-1
-1
-1
-1
-1
383
-1
-1
-1
-1
384
-1
-1
-1
-1
-1
-1
386
-1
-1
-1
-1
-1
387
-1
388
389
-1
-1
-1
-1
-1
-1
-1
390
-1
393
395
-1
396
397
399
-1
-1
-1
-1
400
401
-1
-1
-1
-1
402
-1
-1
-1
403
-1
-1
-1
-1
404
-1
-1
405
406
-1
-1
-1
407
-1
409
-1
-1
-1
-1
-1
-1
-1
-1
-1
410
-1
-1
-1
411
-1
412
-1
413
-1
414
-1
-1
-1
-1
-1
-1
416
-1
-1
417
-1
-1
-1
-1
418
-1
-1
-1
-1
419
-1
-1
-1
-1
-1
-1
420
-1
-1
-1
421
-1
-1
-1
422
-1
-1
-1
-1
-1
-1
-1
-1
-1
-1
-1
-1
-1
-1
-1
-1
-1
423
-1
-1
-1
-1
-1
-1
-1
-1
-1
424
-1
-1
-1
-1
-1
-1
-1
-1
425
-1
-1
426
-1
-1
-1
-1
-1
427
-1
-1
-1
-1
428
-1
-1
-1
-1
-1
429
-1
-1
-1
-1
-1
-1
430
431
-1
-1
-1
432
-1
-1
-1
-1
434
-1
-1
-1
-1
-1
-1
-1
435
-1
-1
-1
436
437
-1
-1
438
439
-1
-1
-1
-1
-1
-1
-1
440
-1
-1
-1
441
442
-1
-1
-1
-1
-1
443
-1
-1
-1
-1
-1
-1
444
-1
-1
-1
445
-1
-1
446
-1
-1
-1
-1
-1
-1
-1
-1
447
-1
-1
-1
-1
448
449
-1
450
-1
-1
-1
-1
452
-1
-1
-1
-1
-1
-1
453
-1
-1
-1
-1
-1
-1
454
-1
-1
-1
-1
456
-1
-1
-1
-1
-1
-1
-1
-1
-1
-1
457
-1
-1
-1
-1
-1
459
-1
-1
-1
-1
460
-1
461
-1
462
-1
463
-1
-1
-1
-1
-1
-1
-1
-1
-1
-1
-1
-1
-1
-1
464
-1
-1
-1
-1
-1
-1
-1
465
-1
-1
-1
-1
-1
466
467
468
-1
-1
469
-1
-1
-1
-1
-1
-1
-1
470
-1
-1
-1
-1
471
-1
-1
-1
-1
-1
-1
-1
-1
473
474
475
-1
-1
476
-1
-1
-1
-1
477
-1
478
-1
-1
479
-1
480
-1
-1
-1
-1
-1
-1
-1
481
482
-1
-1
-1
-1
-1
483
-1
-1
-1
-1
-1
-1
-1
-1
-1
-1
-1
-1
484
-1
-1
485
-1
486
-1
-1
-1
-1
-1
-1
-1
489
-1
490
491
-1
-1
-1
-1
-1
-1
-1
-1
-1
-1
-1
492
-1
-1
-1
-1
-1
-1
-1
494
-1
-1
-1
-1
-1
-1
-1
-1
-1
-1
-1
-1
-1
495
-1
-1
-1
-1
496
-1
-1
497
498
-1
-1
-1
-1
499
-1
-1
-1
500
-1
-1
-1
-1
-1
-1
501
502
-1
-1
-1
503
-1
-1
-1
-1
-1
-1
-1
504
-1
-1
505
-1
506
507
-1
508
-1
-1
-1
-1
-1
-1
-1
-1
-1
-1
-1
-1
-1
-1
-1
-1
-1
-1
509
-1
-1
-1
510
-1
-1
511
513
-1
-1
-1
514
-1
515
-1
-1
-1
-1
-1
-1
-1
-1
-1
-1
-1
-1
-1
516
-1
-1
517
-1
-1
-1
-1
-1
-1
-1
518
-1
519
520
521
522
-1
525
-1
-1
-1
526
-1
527
-1
-1
-1
-1
-1
-1
-1
-1
-1
-1
528
-1
529
-1
-1
-1
-1
-1
530
-1
-1
531
533
-1
534
-1
536
-1
-1
537
538
539
-1
-1
540
-1
-1
-1
-1
-1
542
543
-1
-1
544
545
547
-1
548
-1
549
550
-1
551
-1
-1
-1
-1
-1
-1
-1
-1
-1
-1
-1
-1
-1
-1
-1
-1
-1
552
553
554
-1
555
-1
556
-1
-1
-1
-1
557
-1
-1
-1
558
-1
-1
-1
-1
-1
-1
-1
559
-1
560
-1
-1
-1
-1
561
562
-1
-1
-1
563
564
565
-1
-1
-1
566
-1
-1
568
-1
-1
-1
-1
-1
-1
-1
-1
-1
569
-1
-1
-1
-1
570
571
-1
-1
-1
572
-1
573
-1
-1
-1
-1
-1
574
-1
-1
575
576
-1
-1
-1
-1
-1
577
-1
-1
578
-1
-1
579
580
-1
581
-1
582
-1
-1
-1
-1
-1
-1
584
-1
-1
-1
-1
-1
-1
-1
-1
-1
-1
-1
-1
-1
-1
-1
-1
-1
-1
-1
-1
-1
-1
-1
585
-1
-1
-1
-1
586
-1
-1
-1
-1
-1
-1
-1
-1
587
-1
-1
589
-1
590
-1
-1
-1
-1
-1
-1
-1
591
-1
-1
592
593
-1
-1
-1
-1
-1
-1
-1
594
595
596
597
598
599
-1
-1
-1
600
-1
-1
-1
601
-1
602
603
-1
-1
-1
-1
-1
-1
-1
-1
-1
-1
-1
-1
-1
604
-1
-1
605
-1
-1
-1
-1
-1
-1
-1
-1
-1
-1
606
607
608
609
-1
-1
-1
-1
-1
-1
-1
610
-1
-1
-1
-1
-1
-1
-1
-1
-1
-1
-1
-1
-1
611
612
-1
-1
-1
-1
-1
613
-1
-1
-1
-1
-1
-1
-1
-1
614
615
-1
-1
-1
616
-1
-1
617
618
619
-1
-1
-1
-1
-1
-1
-1
-1
620
-1
621
-1
-1
622
-1
623
-1
-1
-1
-1
-1
-1
-1
-1
-1
-1
-1
-1
-1
624
625
-1
-1
-1
-1
-1
-1
-1
-1
-1
626
-1
-1
-1
-1
627
-1
-1
-1
-1
-1
-1
-1
628
-1
-1
-1
-1
-1
629
-1
-1
-1
630
-1
-1
631
632
-1
-1
-1
-1
-1
-1
-1
-1
634
-1
635
636
-1
637
-1
-1
638
-1
-1
-1
639
-1
-1
-1
-1
-1
640
-1
-1
-1
-1
-1
-1
-1
-1
-1
-1
-1
641
-1
642
-1
-1
-1
-1
-1
-1
643
-1
-1
-1
-1
-1
644
-1
-1
-1
-1
-1
-1
-1
-1
-1
-1
645
-1
647
-1
-1
649
-1
-1
650
651
-1
-1
-1
-1
-1
-1
-1
-1
-1
-1
-1
-1
652
-1
-1
-1
653
-1
-1
654
-1
-1
-1
-1
655
-1
-1
656
-1
-1
-1
657
-1
-1
-1
-1
-1
-1
-1
-1
-1
658
-1
-1
-1
659
-1
-1
-1
660
-1
661
662
-1
-1
-1
-1
-1
664
665
-1
-1
666
667
-1
-1
-1
-1
668
-1
-1
-1
-1
-1
669
-1
-1
671
672
-1
-1
-1
-1
-1
-1
-1
-1
-1
673
-1
-1
-1
-1
-1
-1
-1
674
675
-1
-1
-1
-1
676
-1
-1
677
-1
-1
678
-1
-1
-1
-1
-1
-1
-1
-1
-1
-1
-1
-1
-1
-1
681
-1
-1
-1
-1
-1
-1
-1
-1
-1
-1
-1
-1
-1
683
-1
-1
-1
-1
-1
-1
-1
685
-1
-1
-1
686
-1
-1
-1
687
-1
-1
-1
-1
-1
-1
-1
689
-1
-1
690
-1
-1
-1
-1
-1
691
692
-1
-1
693
-1
-1
-1
-1
-1
694
-1
-1
-1
-1
695
-1
-1
-1
-1
-1
-1
-1
696
-1
697
-1
-1
-1
-1
-1
-1
-1
698
699
-1
-1
-1
-1
-1
-1
-1
-1
700
701
702
-1
-1
-1
-1
-1
-1
-1
703
704
-1
-1
-1
-1
-1
-1
-1
-1
-1
-1
705
-1
-1
706
-1
-1
708
-1
-1
-1
-1
-1
709
710
-1
-1
-1
711
-1
712
-1
-1
-1
-1
-1
-1
-1
-1
-1
713
714
715
-1
716
717
-1
-1
-1
720
-1
-1
-1
721
-1
-1
-1
-1
723
-1
724
725
-1
-1
-1
-1
-1
-1
-1
726
-1
-1
-1
-1
-1
-1
727
-1
-1
-1
-1
-1
-1
728
-1
-1
-1
-1
-1
-1
-1
729
730
-1
-1
-1
731
-1
-1
732
-1
-1
-1
-1
-1
-1
733
-1
734
-1
-1
735
-1
-1
736
-1
-1
-1
-1
-1
-1
-1
-1
-1
-1
-1
-1
-1
-1
-1
-1
-1
-1
-1
-1
737
-1
-1
-1
-1
-1
-1
-1
-1
-1
-1
738
739
-1
-1
-1
740
-1
-1
-1
-1
-1
-1
-1
-1
-1
-1
741
-1
-1
-1
-1
-1
742
-1
-1
-1
-1
-1
-1
-1
-1
-1
-1
-1
743
-1
-1
-1
-1
-1
744
745
-1
747
748
-1
-1
750
-1
-1
751
752
753
-1
-1
-1
-1
754
-1
-1
-1
-1
-1
-1
-1
756
-1
-1
-1
-1
-1
-1
-1
-1
-1
758
759
-1
-1
760
-1
-1
761
-1
762
-1
-1
-1
-1
-1
-1
-1
-1
-1
-1
-1
-1
-1
-1
-1
-1
763
764
-1
-1
765
-1
-1
-1
-1
-1
766
767
-1
-1
-1
768
-1
-1
769
-1
-1
-1
-1
-1
-1
-1
-1
-1
-1
770
-1
-1
771
-1
-1
-1
-1
-1
-1
772
-1
773
-1
-1
774
-1
-1
-1
-1
775
776
777
778
-1
779
-1
780
-1
-1
781
-1
-1
-1
-1
-1
-1
-1
-1
-1
-1
-1
-1
-1
-1
782
-1
783
-1
-1
-1
784
-1
-1
-1
-1
-1
-1
-1
785
786
-1
-1
-1
787
788
-1
-1
-1
-1
-1
-1
-1
-1
789
-1
790
791
-1
-1
-1
-1
-1
-1
-1
-1
-1
793
-1
-1
-1
-1
-1
-1
-1
-1
-1
-1
-1
-1
794
-1
-1
-1
-1
-1
-1
-1
-1
-1
-1
-1
-1
-1
-1
-1
795
-1
-1
796
-1
-1
797
798
800
-1
-1
-1
-1
-1
801
-1
-1
-1
802
803
804
-1
-1
-1
-1
-1
-1
-1
-1
805
806
-1
-1
-1
808
810
-1
811
-1
-1
-1
-1
-1
-1
-1
-1
812
813
-1
814
-1
815
817
-1
-1
-1
-1
-1
818
-1
-1
-1
-1
-1
-1
-1
-1
-1
819
-1
-1
820
-1
-1
-1
821
-1
-1
-1
-1
822
-1
-1
-1
823
-1
-1
-1
-1
-1
-1
-1
-1
-1
-1
-1
-1
824
-1
-1
-1
-1
-1
-1
-1
826
-1
-1
-1
-1
-1
-1
-1
827
828
-1
-1
-1
-1
-1
-1
-1
-1
-1
-1
-1
-1
-1
829
-1
-1
-1
830
-1
-1
-1
831
-1
-1
-1
-1
-1
-1
832
-1
833
-1
-1
-1
-1
-1
-1
-1
-1
-1
-1
-1
-1
834
835
-1
-1
-1
-1
-1
-1
-1
836
-1
-1
838
839
-1
-1
-1
-1
-1
-1
-1
-1
-1
840
-1
-1
841
-1
-1
-1
-1
-1
-1
842
-1
843
-1
-1
-1
-1
-1
-1
844
845
-1
-1
846
-1
-1
847
-1
-1
-1
848
-1
-1
-1
-1
-1
-1
849
-1
-1
850
-1
-1
-1
851
-1
-1
-1
-1
-1
-1
-1
-1
-1
-1
852
-1
-1
-1
-1
-1
-1
854
-1
-1
-1
855
-1
-1
-1
-1
-1
-1
-1
-1
-1
-1
-1
-1
-1
-1
856
858
-1
-1
860
-1
-1
-1
861
862
-1
-1
-1
-1
-1
-1
865
-1
-1
-1
-1
866
867
-1
-1
-1
-1
-1
-1
-1
-1
-1
868
-1
-1
-1
869
-1
-1
-1
870
-1
-1
-1
-1
871
872
-1
-1
873
874
-1
875
-1
-1
-1
-1
-1
876
-1
-1
-1
-1
-1
-1
-1
-1
-1
-1
-1
-1
-1
-1
-1
-1
-1
-1
877
-1
-1
-1
-1
-1
-1
-1
878
879
-1
-1
-1
-1
-1
-1
-1
-1
-1
880
-1
-1
-1
881
-1
-1
882
-1
-1
-1
-1
-1
-1
-1
884
-1
-1
-1
-1
885
-1
886
-1
-1
-1
-1
-1
-1
-1
887
-1
888
-1
-1
-1
-1
-1
-1
889
890
-1
-1
-1
-1
892
-1
-1
-1
-1
-1
893
-1
-1
-1
-1
-1
-1
-1
-1
894
-1
-1
-1
895
-1
-1
-1
896
897
899
-1
-1
-1
-1
900
-1
-1
-1
901
-1
902
903
904
-1
-1
-1
-1
-1
-1
-1
-1
-1
-1
-1
-1
-1
-1
905
-1
-1
-1
906
-1
-1
-1
-1
-1
-1
-1
-1
-1
-1
-1
-1
-1
-1
-1
907
-1
-1
-1
908
-1
-1
-1
-1
-1
-1
910
-1
-1
911
-1
-1
-1
-1
-1
-1
-1
-1
912
914
-1
-1
915
-1
-1
-1
-1
-1
916
-1
-1
-1
-1
-1
-1
-1
-1
-1
-1
-1
917
-1
918
-1
919
-1
-1
-1
-1
920
921
-1
922
-1
-1
-1
923
-1
-1
-1
-1
-1
924
-1
925
-1
-1
-1
-1
-1
-1
-1
-1
-1
-1
-1
926
-1
927
-1
-1
-1
-1
-1
-1
-1
-1
-1
-1
-1
-1
-1
-1
-1
-1
-1
928
-1
-1
-1
929
-1
-1
-1
930
931
-1
-1
932
-1
-1
933
-1
-1
934
-1
935
936
-1
-1
-1
-1
-1
-1
-1
-1
-1
-1
-1
-1
937
-1
-1
-1
-1
-1
-1
-1
-1
-1
938
939
940
941
942
-1
-1
-1
-1
943
-1
-1
-1
-1
-1
945
-1
-1
-1
946
947
-1
-1
-1
-1
-1
-1
-1
948
949
-1
-1
-1
-1
-1
-1
-1
-1
951
-1
-1
-1
-1
-1
-1
-1
-1
-1
-1
-1
-1
-1
-1
-1
-1
-1
-1
-1
-1
952
954
-1
-1
956
-1
-1
-1
-1
-1
-1
-1
-1
-1
-1
-1
-1
958
-1
-1
-1
-1
-1
-1
-1
-1
-1
-1
-1
959
-1
-1
960
-1
961
-1
-1
-1
-1
-1
-1
-1
-1
962
-1
-1
-1
963
-1
-1
-1
964
-1
-1
965
-1
-1
-1
-1
-1
966
-1
-1
-1
-1
-1
-1
-1
-1
968
-1
969
-1
-1
-1
-1
-1
-1
-1
970
-1
-1
-1
-1
-1
-1
-1
971
-1
-1
-1
-1
-1
-1
-1
-1
-1
972
-1
973
-1
974
-1
-1
-1
-1
975
976
-1
-1
-1
977
-1
-1
-1
-1
-1
-1
978
-1
-1
-1
-1
-1
-1
-1
-1
-1
-1
-1
-1
-1
-1
-1
-1
-1
-1
-1
-1
-1
-1
-1
-1
-1
-1
-1
-1
-1
979
-1
980
981
982
-1
-1
983
-1
-1
-1
-1
-1
-1
-1
984
-1
-1
-1
-1
-1
-1
986
-1
-1
-1
-1
987
-1
988
-1
-1
-1
-1
-1
-1
989
-1
-1
990
-1
991
-1
-1
-1
-1
-1
-1
-1
-1
-1
-1
-1
992
-1
-1
-1
-1
-1
993
-1
-1
-1
-1
-1
994
-1
-1
-1
