285
286
287
123
38
324
403
914
712
59
901
174
288
596
945
809
47
637
588
139
941
4
239
626
953
806
124
420
39
507
622
704
920
325
77
164
404
915
542
713
372
897
158
244
206
221
154
60
814
300
102
902
318
175
454
725
835
710
45
298
289
597
946
790
964
291
810
569
149
378
0
262
908
423
48
34
127
985
489
860
638
273
743
545
266
739
589
394
55
234
309
140
599
942
270
486
523
426
948
792
785
83
5
855
831
698
750
131
555
764
961
736
663
343
731
606
240
989
966
255
109
293
627
954
926
594
807
939
702
812
421
125
307
783
853
553
696
959
341
526
40
528
508
760
513
623
42
982
13
669
889
368
705
199
921
113
24
334
458
571
91
566
31
391
21
384
119
497
16
326
530
78
165
405
360
450
691
720
501
64
97
478
770
183
429
634
151
510
10
666
563
646
972
578
778
467
916
380
387
2
951
804
316
543
264
521
762
305
117
644
537
714
373
614
898
252
357
649
652
159
51
87
245
207
672
222
818
655
515
193
171
585
155
539
483
61
190
249
815
796
716
756
301
903
103
319
882
910
176
282
375
455
726
836
347
616
37
122
402
711
900
46
238
625
101
299
709
44
297
290
907
984
598
425
947
791
130
735
730
605
988
965
254
108
292
593
938
811
695
367
198
570
30
20
15
359
449
500
477
150
562
971
466
777
379
1
263
643
651
50
671
654
170
795
755
909
346
36
401
424
129
734
987
107
937
19
29
776
49
754
35
128
986
28
211
490
861
212
891
329
862
491
533
473
639
892
213
73
330
744
274
863
492
546
161
203
740
267
534
474
590
640
395
893
214
875
975
443
840
56
74
338
331
235
398
745
682
275
864
493
310
547
141
799
600
870
943
162
370
204
271
487
741
53
232
268
81
748
829
661
851
524
89
427
949
535
355
188
247
880
707
591
475
641
168
793
209
201
396
849
674
227
786
894
84
440
993
676
462
215
856
6
436
876
976
832
923
699
631
611
751
229
224
820
845
132
444
841
408
765
556
685
57
75
788
962
737
339
551
332
664
576
314
115
236
365
344
399
732
26
336
746
827
460
434
609
683
363
607
865
276
241
146
494
867
990
311
548
573
967
657
142
278
517
256
110
582
294
195
679
628
955
800
823
931
93
601
871
927
323
173
595
944
808
587
940
703
163
541
371
896
157
205
220
243
813
453
724
568
148
422
33
126
488
272
742
393
54
233
308
269
485
784
82
854
697
830
749
554
960
662
342
852
958
525
527
759
41
888
23
90
496
529
690
719
63
182
428
509
386
950
803
761
304
536
251
356
86
817
514
192
482
189
248
881
121
624
43
708
906
983
729
592
694
14
499
476
561
970
465
642
670
169
794
106
18
210
890
328
532
202
442
839
397
798
869
369
80
660
850
706
167
200
848
992
675
922
228
407
787
550
575
114
313
25
335
826
459
362
145
572
581
678
92
322
219
895
452
723
567
32
392
758
22
718
385
303
85
120
905
693
498
464
969
105
17
327
531
441
79
659
166
994
406
361
144
677
321
218
451
722
463
692
217
721
216
502
135
503
884
65
136
504
857
7
98
877
437
885
479
977
771
66
184
430
912
137
635
505
152
833
260
858
924
700
781
511
11
667
980
564
8
632
519
612
647
280
99
447
774
752
71
973
230
878
225
438
821
886
180
480
846
579
133
258
779
978
445
69
772
178
67
415
468
417
917
381
388
934
470
185
842
431
412
409
766
686
557
350
284
913
58
636
138
3
952
805
419
506
621
919
76
153
317
834
789
963
377
261
859
544
265
738
522
763
925
701
306
552
782
340
512
981
12
668
112
333
457
390
565
383
118
96
769
633
9
665
645
577
315
520
116
613
648
538
584
715
281
374
615
899
237
100
296
604
253
197
366
358
448
650
653
345
400
733
936
775
753
27
472
72
160
874
974
337
681
52
231
747
828
88
354
187
246
879
208
673
226
439
461
435
630
610
223
819
844
684
364
433
608
866
656
277
516
194
822
930
172
586
540
156
242
147
484
957
887
495
62
689
181
802
250
816
191
481
728
560
838
797
868
847
991
549
574
312
825
580
757
717
302
904
968
104
658
143
320
134
883
911
259
780
979
518
279
446
773
70
179
257
68
177
414
416
469
933
411
349
283
418
620
918
376
111
456
382
389
95
768
583
295
603
196
935
471
873
680
186
353
629
843
432
929
956
688
801
727
559
837
824
413
932
410
348
619
94
767
602
872
352
928
687
558
618
351
617
